6
1 2 3 4 5 6
5
4 5 6 7 8
5
11 13 16 17 18
9
2 3 6 7 9 12 14 15 16
5
3 9 12 16 18
9
3 6 10 11 12 14 15 17 18
9
2 5 6 7 12 13 14 15 17
7
2 7 9 11 13 15 17
7
2 3 4 11 12 14 15
7
1 2 3 6 8 10 11
7
1 4 11 12 13 14 15
7
2 7 8 12 13 16 18
9
2 5 8 11 12 13 15 17 18
9
1 7 9 11 12 13 15 16 17
7
2 3 5 6 7 16 17
6
8 10 11 14 17 18
6
2 6 8 12 13 18
7
1 6 9 13 15 16 18
9
1 2 6 7 8 12 15 17 18
5
3 7 9 10 18
5
7 8 9 10 14
9
1 4 9 11 12 13 15 17 18
6
1 3 7 10 15 18
10
1 2 3 4 6 14 15 16 17 18
8
1 4 6 9 10 15 16 17
6
2 6 11 15 17 18
6
5 7 8 9 11 18
7
1 4 6 7 15 16 17
5
3 4 9 13 17
10
2 3 6 7 9 10 11 13 17 18
9
1 3 5 6 9 11 15 17 18
5
5 7 9 10 13
5
1 5 6 14 16
7
2 3 10 11 13 15 17
7
8 9 12 13 15 17 18
10
1 2 5 6 8 10 11 12 14 17
5
2 5 8 12 13
9
3 4 8 11 12 13 14 16 18
9
2 3 4 6 10 11 12 13 15
7
1 5 6 7 9 10 11
8
1 2 3 4 6 13 16 18
7
6 9 10 11 12 14 18
7
1 3 4 11 13 16 18
7
3 5 6 7 11 15 16
9
1 3 4 5 7 11 13 14 16
10
1 3 7 8 10 11 13 15 16 17
7
4 5 11 12 13 17 18
8
1 2 7 8 9 10 14 15
5
6 12 15 17 18
10
2 3 4 5 8 10 11 13 15 18
6
2 9 10 14 15 16
7
1 3 5 8 12 13 14
7
1 2 5 10 12 14 17
6
3 5 12 13 14 18
9
3 4 10 11 12 15 16 17 18
10
5 6 7 8 9 11 12 13 14 17
10
2 3 4 7 8 10 11 12 14 17
7
4 5 6 11 12 13 17
7
1 7 11 14 16 17 18
9
1 2 3 6 9 11 14 15 17
5
6 7 13 14 18
6
3 4 6 7 9 17
5
2 7 14 15 17
7
2 3 5 7 9 11 12
8
2 3 4 5 7 8 10 12
7
7 8 11 12 13 14 15
7
3 8 9 11 13 16 18
10
1 3 4 8 9 10 12 13 17 18
5
1 2 7 10 15
9
1 2 3 4 5 8 9 14 15
5
2 10 16 17 18
9
1 2 5 6 7 8 11 12 13
5
1 3 7 9 17
5
7 8 9 13 16
9
1 3 6 7 9 10 11 15 16
9
4 5 6 9 10 11 12 13 14
7
1 2 6 7 11 14 16
7
3 4 5 8 12 13 15
7
4 5 8 10 12 14 15
5
2 4 10 11 16
8
1 3 5 7 11 13 15 17
8
1 2 4 6 12 15 16 18
7
3 6 12 13 14 16 17
9
2 5 6 10 12 13 15 16 18
9
4 6 8 10 11 12 15 16 18
9
1 3 4 5 6 7 8 13 14
6
8 9 12 13 14 15
8
3 5 9 10 11 12 15 16
10
3 5 7 8 9 11 13 14 16 17
9
2 6 7 9 10 13 15 17 18
5
2 5 7 17 18
5
3 5 9 13 15
6
2 4 7 15 16 17
7
1 4 5 9 15 16 18
9
2 4 7 8 10 11 14 15 16
5
8 10 11 13 14
8
1 6 8 10 11 12 17 18
7
3 5 10 11 13 15 18
5
3 6 8 11 16
8
3 5 7 8 9 11 14 18
7
3 5 7 10 14 16 17
8
2 4 5 7 8 12 14 15
0
