84 114
8 84
1 19 40.8 10.2
1 29 30.6 8.8
1 50 49.3 37.2
1 61 31.7 8.7
1 65 41.9 13.5
1 66 35.9 29.9
2 32 48.6 38.4
2 56 39.9 13.4
3 42 37.7 6.8
3 82 25.4 29.3
4 49 30.1 6.4
5 13 47.8 26.5
5 58 38.7 12.8
6 40 46.0 21.6
7 58 40.5 14.2
8 51 22.5 29.5
8 64 25.3 2.1
9 29 38.3 24.0
9 60 30.7 0.9
10 30 39.7 22.7
11 49 23.4 5.9
11 60 46.4 30.5
12 36 43.9 25.6
13 63 48.5 15.1
14 32 42.4 28.8
14 59 38.7 22.6
14 69 34.4 33.1
15 17 25.5 23.2
15 65 21.5 32.8
16 43 39.2 8.0
16 49 42.4 34.4
17 57 34.3 35.3
18 20 42.0 13.1
18 79 39.6 12.0
20 55 48.7 7.2
20 82 35.6 2.3
21 26 24.6 23.7
21 57 30.3 33.6
21 59 48.0 23.7
21 75 29.8 30.9
22 68 48.5 31.1
23 61 46.9 9.5
23 71 40.7 26.7
23 81 27.0 3.8
24 59 25.7 4.4
24 73 44.4 20.1
25 28 42.2 1.5
25 37 35.8 13.3
25 47 44.8 37.6
25 55 46.0 16.7
25 76 31.5 9.1
26 54 27.0 39.1
26 68 45.7 38.3
26 74 23.0 14.3
27 29 37.0 22.9
27 32 34.6 2.4
27 47 35.2 33.9
29 36 35.1 40.0
29 70 28.0 23.3
30 32 49.1 12.3
30 54 25.8 9.2
31 58 39.3 34.3
32 84 23.9 19.2
33 64 48.9 32.7
34 65 20.7 38.2
35 54 36.1 39.7
36 53 20.6 18.2
38 57 36.1 39.1
39 58 24.1 3.8
40 43 27.1 28.0
40 53 40.7 29.7
41 45 45.3 30.2
41 67 33.9 34.5
44 55 35.2 37.7
46 62 27.8 2.3
46 67 34.4 23.8
46 82 41.7 32.3
47 83 35.4 15.1
48 84 29.0 34.3
49 70 25.8 22.5
50 82 30.7 4.7
52 82 38.0 9.5
54 77 31.9 28.3
57 64 45.9 22.0
57 66 20.5 34.9
57 78 45.0 16.3
58 64 26.3 9.0
58 78 35.5 20.2
60 74 49.8 6.1
64 72 21.9 2.1
64 80 28.7 40.0
66 83 23.2 17.6
67 71 23.3 30.7
68 73 47.0 19.0
69 77 40.1 11.5
69 79 30.8 6.6
70 84 21.1 30.2
71 73 44.1 5.5
76 84 24.6 27.0
79 84 33.3 18.2
40 53 32.8 26.4
58 78 20.7 25.0
14 32 40.4 24.4
49 70 38.8 29.3
25 37 35.7 18.9
1 50 42.4 31.8
48 84 21.1 5.1
29 70 38.2 30.8
15 17 21.4 12.9
26 68 25.0 22.4
21 59 40.3 27.6
24 73 40.0 10.8
5 58 47.3 32.1
36 53 28.4 31.6