100
-100 70 -96 122 45 27 52 33 20 84 13 -37 34 -93 -23 51 -48 73 56 9 -19 37 -103 -31 84 114 93 121 102 -87 -48 1 -18 -17 -4 -100 -117 47 60 -98 3 72 -7 36 107 97 -41 58 -85 -113 -61 23 -76 91 -9 7 77 -44 -127 -76 124 -48 52 -22 -65 47 -123 72 -34 -64 101 97 -119 93 5 -13 63 -36 -83 -23 105 111 127 28 74 -10 -92 -105 -54 -92 -54 -58 114 126 -81 48 45 51 -8 -116
114 93 -20 122 58 -16 108 120 -53 -102 -31 52 8 95 -48 -46 -42 114 -24 -97 21 50 99 8 -80 -110 55 92 68 -80 -25 -73 -115 -46 48 -58 -62 29 -65 -116 -74 31 63 61 -1 -112 14 -44 -126 117 113 23 -89 84 30 -42 -27 -43 50 -86 -124 24 95 15 106 -113 85 43 43 -108 54 -32 -78 -10 -99 -80 -123 42 -125 5 -96 115 -100 -58 -57 -71 -100 44 -114 77 -43 -111 -27 -76 -96 78 -62 116 -7 -19
7 -80 76 -72 -91 -23 103 -87 18 105 45 49 -35 -55 -9 35 -127 -110 -49 -114 94 35 -97 66 -42 -66 -111 24 49 9 -123 55 -72 -48 110 91 56 85 3 74 -65 48 122 27 120 112 -66 120 -126 -115 6 -33 47 -92 -94 -122 -31 49 -99 17 -70 32 -56 113 111 53 76 -88 11 79 113 73 -1 107 -28 -9 92 -95 110 -35 -83 115 60 -36 -105 -35 96 118 -114 124 7 70 -100 -50 55 -117 -124 -124 49 14
82 -94 86 80 13 57 70 -23 -39 52 69 -122 -88 -127 96 -66 -35 64 -75 105 -68 -69 48 -41 9 102 96 12 -23 18 25 58 -77 110 10 63 39 -48 -88 -1 4 -19 4 43 108 -28 104 73 -92 -99 50 94 -40 97 -75 -32 72 21 107 -79 38 -124 -21 88 113 116 24 -104 -59 -65 22 72 -85 26 -13 -104 125 90 96 33 -9 18 -1 78 115 -76 45 59 -56 24 -21 109 -101 85 69 -116 74 -35 34 14
28 55 -42 -58 -47 -56 -35 -49 -94 -67 -17 24 -49 -19 101 65 32 18 -4 103 41 -26 84 67 -68 -102 -50 5 117 -17 -109 -111 -89 103 -41 -9 46 51 -59 -49 -16 51 -25 -66 -95 -52 126 -64 -34 121 -88 6 -33 -5 73 26 -108 -105 30 -118 -122 -80 -102 -84 22 -16 -94 -60 -92 -25 19 -109 -102 121 -48 57 68 77 121 -94 70 32 40 -91 26 112 -65 46 -121 92 -73 11 12 -48 54 -94 -64 -40 -26 98
62 -8 116 -41 112 67 -111 52 16 -118 -42 -42 41 -3 -6 66 -19 56 -16 114 -107 38 -2 32 -10 51 -63 53 -117 -90 23 72 29 -117 31 -115 77 47 65 -35 -72 -105 -78 96 -109 43 -94 -1 99 18 -15 -9 55 -18 22 -83 -94 86 -31 43 -4 -9 115 -103 1 18 -90 -50 -63 -26 -86 119 123 90 -41 -114 6 -8 -116 104 -118 123 -33 -63 -22 -12 108 -117 73 -50 53 -59 68 40 93 69 57 2 18 -7
103 -68 -16 -30 -106 70 -17 -101 -65 121 -125 71 116 96 -120 93 -44 -12 103 29 65 -99 97 -123 -60 62 -55 125 -64 91 -10 38 -105 -26 -120 -84 -84 117 -57 105 110 72 -79 -29 41 55 -64 -4 -85 -88 -103 -21 67 -6 -16 -121 -72 56 -124 119 -109 121 29 -87 -33 -91 84 -118 -102 26 115 8 -30 35 106 10 -38 -86 -121 5 80 30 111 19 -104 94 26 -48 -105 -99 70 -87 -106 -29 81 115 7 37 -3 -95
-65 111 40 -96 18 18 42 107 59 48 -16 12 77 -32 -97 101 61 -72 52 83 -43 -6 124 105 -36 -51 93 -29 -15 -38 3 -81 -55 -85 -50 -38 -68 119 -59 118 -89 53 -126 116 20 32 -39 -47 87 12 -91 -84 5 32 21 96 -20 -14 66 92 -53 -59 -117 -109 110 -40 -20 41 -48 48 32 -10 100 -95 105 -8 -64 -62 -55 -104 -51 108 66 81 12 -41 -78 -9 -56 115 -45 -110 56 -35 -92 38 -76 -113 -48 -125
-65 -17 120 -93 -113 97 -101 -49 35 -29 101 111 78 39 65 89 -2 114 -48 -59 -27 34 -41 -99 -2 121 -61 49 -119 -110 52 -57 127 44 104 -114 13 2 91 47 -28 64 31 -78 103 95 -117 -27 -47 -38 41 53 123 127 -46 -7 121 20 -85 1 37 -34 -57 36 -118 -81 49 -106 49 -115 -59 -107 76 -29 -57 51 -62 -47 23 -110 -85 -63 -58 -90 63 23 -97 -72 -85 72 -72 79 -90 -2 114 46 45 -92 67 93
-80 -120 -15 123 -22 -73 -81 -85 8 69 -68 -78 5 -126 -41 68 24 -11 123 67 -67 51 -110 97 -79 -123 15 -35 -88 -45 57 -41 89 -85 -46 67 -31 0 -19 -24 69 -87 25 -54 -86 -16 -114 65 100 9 4 33 -68 22 2 107 -102 17 72 -63 99 1 23 -68 43 -24 -2 -115 -24 107 115 -83 -108 13 -10 -67 124 -124 125 -32 12 -126 0 -57 -105 2 49 -80 -109 -7 -16 117 122 -121 48 37 -18 -81 -79 -43
-102 -91 1 44 -79 -9 104 44 -6 101 -116 5 -26 12 75 -4 -114 -4 43 -96 117 -101 20 -17 32 67 -108 14 113 68 98 10 -24 -28 53 24 90 29 -60 83 -125 78 -40 -24 -38 34 100 102 29 -113 5 -110 -86 24 0 73 -36 -108 -41 76 87 -70 86 62 -99 11 -42 -10 -87 -103 -55 42 -26 -96 -110 64 -63 -11 -90 93 4 43 -17 -83 66 110 -11 -98 1 76 106 87 5 64 21 -95 74 -22 22 114
-126 -34 -100 -24 124 45 39 -67 -94 76 25 -91 118 -120 80 57 -10 -58 -42 -10 17 63 -50 -106 -1 -30 -74 73 -52 -53 -69 -51 -88 -41 -76 -92 -124 90 95 36 -89 -8 -55 28 127 -103 84 116 -34 -85 105 -18 105 -73 3 104 -103 -72 49 -28 -126 107 -80 -87 65 -28 75 68 -66 42 104 99 34 -79 0 -95 72 83 20 38 125 -3 -108 -25 -76 -105 -49 -52 -50 -1 -81 -48 105 -34 119 43 65 67 110 -1
108 86 97 -114 6 -31 -82 -49 52 65 -12 49 62 7 23 113 29 -27 60 -21 99 106 58 -51 -56 -79 -9 9 -13 -27 7 -32 59 -24 -19 64 -55 -101 14 124 -37 -126 -83 -103 9 68 9 37 -87 -59 -112 12 46 -55 88 -10 -6 78 126 108 -77 -123 75 -19 -20 56 45 52 82 -69 48 -83 -67 -35 69 -59 -95 77 -23 72 -109 -7 -44 -64 65 43 53 58 -7 -77 -89 -84 -73 113 -104 35 -87 68 86 122
127 -121 39 59 -29 107 -1 -125 56 103 74 -54 95 -97 10 33 -55 62 90 66 113 -127 109 -88 -14 -123 -54 26 -55 -95 -107 -56 38 59 2 -119 -90 0 -117 93 102 -44 -88 70 -14 -79 -25 -69 110 -63 124 95 65 -23 7 -77 -19 -48 -52 53 -16 -32 -4 21 26 -3 29 63 -4 -89 29 -29 122 -60 -87 -20 115 -113 -90 -31 -49 -94 -63 15 10 -57 65 -9 22 -114 43 6 -19 39 -101 -120 35 -72 -58 -96
93 -30 2 87 -91 42 67 -104 56 104 -7 6 10 -71 -106 -108 126 -42 -118 20 -29 53 25 -48 91 -76 86 -2 106 -100 29 71 -2 -97 -97 34 -56 -31 -70 127 72 -78 -122 -46 -22 -101 101 -24 -16 110 -5 -45 -93 20 34 125 71 119 -4 -79 -109 24 119 -112 55 21 -78 -2 -11 -21 -2 -66 28 -125 -113 5 -99 115 -20 -116 -30 -26 93 -124 121 126 1 -64 117 124 -16 8 -108 103 23 74 123 -56 -55 -15
-78 -58 -82 77 -56 -68 81 99 47 -67 -18 -111 -93 -52 -108 -100 -54 -108 91 -64 15 -53 -57 35 49 -35 108 45 37 52 29 86 121 74 -92 64 -122 116 -93 52 49 17 -60 83 -36 87 -18 37 106 -55 -28 -6 -108 42 -99 68 7 -119 112 -84 61 13 -126 -74 -41 -91 -10 -35 25 -104 16 -54 -88 84 28 3 43 -118 40 -107 -45 11 14 101 53 -86 41 -68 -77 -102 -25 -17 38 103 -92 125 12 25 89 -91
49 -23 109 -40 60 9 91 102 -110 -125 123 99 13 -119 72 -62 -77 113 -3 100 -117 99 -45 48 75 -10 -83 86 15 -122 122 63 110 -25 -105 -86 -17 -15 16 0 -13 11 -28 -127 -109 43 -62 -59 28 -65 -87 38 33 122 86 107 112 -125 65 -1 8 -69 -66 117 33 83 30 -112 -59 -82 -112 55 -72 -13 -73 -53 -98 -7 -113 -70 -73 55 -33 87 49 -75 67 33 55 4 31 62 63 92 51 95 48 -47 111 -12
126 -2 -85 -74 112 -30 0 13 -38 -113 70 16 69 -90 -25 117 89 41 -105 16 -82 53 -50 -20 -110 0 -53 -63 -47 57 52 -49 -73 -34 4 38 63 4 -76 24 -110 -7 -88 86 -98 -113 -53 119 -73 96 -121 -28 22 84 -49 -89 -44 -102 102 36 82 26 114 9 -9 118 -81 -73 121 97 -50 -117 90 -10 -32 119 -124 42 -18 -70 11 -11 -98 32 72 107 -58 -100 -123 -84 -64 87 -59 49 95 59 39 -114 -15 -96
-17 63 -86 -55 52 9 63 -73 51 45 111 -66 33 -115 -35 -23 -8 34 -124 -4 -51 -61 82 17 116 49 -52 -101 -65 -67 -69 45 123 -28 -11 47 -19 51 101 -96 95 84 92 0 -31 -71 -24 88 -38 -20 83 38 46 38 54 34 86 1 -67 -107 61 -9 -63 56 -38 -75 102 70 -24 -53 101 -57 31 -63 71 -1 -7 -81 86 -46 26 41 -9 72 78 -83 -22 37 -82 38 57 106 28 -6 -93 118 46 8 60 -106
83 -94 -35 113 -30 35 -16 -37 -47 69 -84 -21 -18 35 -77 -67 -49 28 -31 -4 66 -102 102 -34 -109 -119 -44 65 -112 16 -42 -30 -79 -78 -45 18 84 -62 -20 -90 -121 24 16 116 -69 66 48 -119 93 -111 5 -97 41 -21 -3 60 114 -48 124 -126 -33 -46 99 15 4 -74 33 87 -8 -115 -4 125 36 -116 113 -34 -51 33 -25 42 49 -21 72 90 -43 68 -106 70 20 -110 -57 114 -29 -86 -126 -26 -32 34 -66 -41
46 57 -44 82 -59 -58 47 -111 -26 -106 58 23 127 -125 -15 -44 70 6 -102 -38 -105 -31 76 -7 10 77 -33 -23 110 28 -65 -100 84 19 109 24 -40 -99 41 61 49 98 83 49 100 67 -123 -85 72 30 -124 94 -2 79 87 7 -100 -74 -16 -118 -47 46 37 -91 -63 18 61 -104 -82 101 -43 95 71 -88 16 -84 107 -108 -42 51 -79 88 18 46 -88 -23 -74 -61 30 37 76 -18 -45 -15 18 -108 2 78 -85 48
-77 -1 15 122 39 30 37 -110 49 122 -60 98 -46 85 -112 -7 61 68 60 90 104 -120 -56 -68 -8 -38 78 -7 -88 -8 -87 90 119 -73 84 -98 84 120 46 -122 114 113 -25 67 71 -10 -67 -124 58 -8 94 34 -1 -90 -35 -10 126 -85 110 38 35 23 0 -102 77 83 54 -94 75 -28 38 61 -43 -115 127 27 -126 -68 31 59 51 -3 -34 49 -94 58 -89 -95 -27 21 70 7 -84 69 32 -8 24 -42 -103 -29
57 62 31 13 -54 30 -87 75 90 71 -122 -115 67 -29 62 -28 29 -28 -124 1 -8 -55 -120 -93 -114 39 27 37 -4 -77 7 52 -15 -90 -63 58 68 -23 -123 -98 47 -117 -86 113 108 -25 85 -119 -53 88 9 66 33 16 101 46 -73 127 83 -78 49 -38 101 -94 0 -89 -36 67 -113 -32 96 -66 105 9 -81 86 -16 -124 94 -70 -36 -24 -5 124 119 95 42 46 94 124 -33 -112 -41 -59 -79 -42 -21 12 -103 120
-20 -8 -74 -43 -127 -27 -85 111 103 9 -87 -61 112 36 -65 -25 3 -23 20 97 100 115 112 -69 55 -95 -112 -94 -83 39 -102 24 -97 -48 -20 -96 -76 -105 14 -101 31 55 93 -113 -37 -100 -11 -35 -124 9 -66 104 123 -82 34 50 78 50 -45 -6 -39 -20 -110 119 -69 124 22 -18 -109 -92 -119 49 90 101 -65 52 0 -76 17 4 60 78 107 -73 -4 13 104 73 62 -69 -61 23 -90 83 14 96 79 -92 77 -30
70 85 18 33 -70 81 84 58 -123 -27 61 64 51 40 118 46 52 -34 118 114 24 -71 9 -67 11 22 -99 89 -71 106 -69 126 63 77 -97 121 30 115 -77 34 87 -17 97 -118 -105 -41 -73 -54 52 -83 59 75 100 -60 -120 -17 -39 -91 -55 17 14 -125 -112 -51 -49 -82 69 -20 32 -9 13 119 101 -18 -127 -5 -60 -72 69 -9 -28 127 -62 72 67 73 -73 -100 -19 126 -83 122 -126 -68 -57 79 -23 12 -68 9
2 72 0 -24 -73 0 98 121 -73 -89 -15 -101 -89 -78 98 105 122 -103 4 -25 23 -80 -31 -104 -21 -88 102 -44 -77 -94 92 52 106 -36 -100 32 -37 -2 25 -110 -92 9 -84 73 59 -114 -78 53 37 -74 28 -68 -27 124 -45 80 35 -70 35 85 90 126 -118 68 89 36 -28 51 -94 -3 68 69 -122 111 -114 64 -4 -64 117 33 116 17 92 -39 13 47 40 48 -24 -53 -123 -62 72 -114 -121 33 50 105 -43 -45
-26 -103 -104 -20 8 37 43 -124 -28 32 36 -40 -79 -127 -80 -66 -81 88 109 22 34 113 -41 -21 -1 92 -116 -79 70 95 3 43 120 -101 22 0 63 -62 -125 34 97 39 121 18 39 -87 -49 -43 0 -68 106 -93 44 -63 13 -85 29 -104 90 98 119 -34 13 -17 119 -92 110 -74 100 112 87 -59 -105 -48 86 -67 119 -91 17 -8 95 122 26 -116 59 38 53 -40 -67 16 -70 -76 -19 70 34 99 -23 -112 -103 -51
0 -17 18 22 62 103 83 -75 12 99 44 106 94 69 117 25 106 -85 112 -88 -70 -86 90 38 -17 -3 -119 88 -116 -95 36 11 -113 53 -94 -52 29 -12 0 40 -41 44 18 52 112 -120 -51 91 -78 -67 2 -21 101 -36 16 84 -40 24 -84 99 -72 79 -18 -58 -123 -113 -111 -95 2 16 72 -39 59 -38 -115 44 -31 89 -121 -110 -106 8 -4 -5 -29 -116 78 -69 -93 121 -98 -38 -56 11 -97 -52 26 -81 -20 27
-65 51 -13 121 13 0 37 -19 -39 43 -1 109 50 -6 103 -106 -122 53 -48 -88 46 -19 -126 118 -9 31 65 16 78 45 -84 12 -32 30 5 -20 29 -85 89 -11 -43 87 98 -120 -47 73 28 85 -1 -21 125 44 -41 -2 -94 77 -99 99 -34 -22 -112 -119 117 110 -90 -5 -37 -61 -91 51 55 120 10 25 -1 -38 -29 -101 -80 -31 5 44 12 -37 41 46 -87 69 -111 -122 47 -96 13 36 -114 -78 30 103 -12 -62
26 43 58 35 -60 -71 125 -90 83 44 -122 87 87 18 -77 0 63 90 68 79 95 114 -18 107 -105 122 -99 52 98 -111 -10 -4 59 -80 31 -2 -24 28 -92 58 71 -87 18 -98 -70 68 29 120 30 96 -57 124 83 -76 -25 105 -81 -125 -99 16 -109 18 11 -51 -63 -86 75 -87 -59 110 98 -116 -105 -12 40 80 55 -59 72 -43 37 15 80 119 66 -73 96 -16 -70 -4 127 75 14 11 -103 78 52 99 118 -7
-47 -39 4 102 -52 44 54 -124 112 126 87 -107 13 40 -116 78 94 -21 -65 23 103 61 -29 -11 -56 122 -61 -4 93 57 116 -82 17 119 19 92 35 -54 95 -108 -56 55 -88 -44 94 51 -94 -68 -98 95 83 -123 29 53 120 -28 47 59 95 -116 -12 -45 56 4 74 -53 -32 -19 20 63 127 -37 -10 39 46 83 -38 -48 -113 118 46 -31 -5 74 -106 -13 -81 -60 -82 13 -49 -95 -32 6 36 -86 81 -123 -106 100
67 -106 63 56 60 108 -117 21 59 -103 11 -22 121 5 -76 -113 120 97 82 37 -17 32 70 -50 -89 105 -9 -9 -19 12 -37 -80 33 25 -25 92 6 112 -15 -63 -118 -4 42 -125 -127 -34 16 -8 -65 97 -98 -83 2 -29 -6 -88 -52 112 30 57 124 -8 -24 29 -110 -49 121 23 -65 -22 -41 71 -27 -126 -55 101 94 -39 -35 -99 -70 121 73 59 -36 -61 98 -88 51 127 96 47 -8 71 75 9 -106 68 31 84
46 117 27 18 -10 -28 -9 -44 60 84 112 117 77 57 -79 41 -5 18 80 -82 18 48 -36 9 118 39 -110 -115 -21 -80 96 24 -91 122 -85 27 -34 33 -18 -102 116 -34 15 -62 22 -65 106 -110 80 -70 62 97 -23 26 -22 -33 -63 -5 -21 -85 -86 74 67 -49 -59 -19 -23 34 13 86 -68 -126 52 -54 -61 -54 8 44 -37 87 101 25 57 -50 -77 -93 -84 -13 -98 23 29 -57 96 95 -107 -91 -52 -3 -57 89
83 -126 90 7 74 28 80 -46 -56 43 40 44 -60 -31 -7 -10 -124 36 -24 -95 58 -123 102 -101 100 123 -65 47 -8 -123 -120 -53 5 97 81 -49 124 -94 -96 67 76 72 -17 -112 40 -25 -123 43 11 -20 75 -59 111 50 -33 -45 45 -98 -125 36 33 -118 -17 38 -21 63 116 -25 96 20 -85 -84 -36 -103 58 -124 127 62 47 10 41 121 -50 25 43 -83 107 87 73 -19 123 -22 -9 -22 -112 97 -87 4 71 9
-104 -15 52 -13 -118 -17 117 -119 44 -92 -110 85 -98 -33 -18 -56 11 88 -96 -44 -58 26 -66 -68 -124 76 28 43 -48 -29 -76 102 -44 -24 88 -35 -42 78 -27 1 113 117 -42 14 -44 67 86 -33 -100 -11 -78 96 -113 -17 -100 17 59 -73 59 10 -103 -17 -15 -20 86 -55 72 43 22 44 -84 -120 33 2 21 -11 -59 106 83 95 94 -123 63 -20 115 -38 124 46 16 -72 -72 41 38 -88 -107 -4 -15 -35 -89 6
8 -46 13 -86 -45 34 -98 24 -116 112 118 -22 116 54 85 103 15 -46 -107 -96 9 -51 -56 -81 115 -36 -86 99 -72 -48 -22 64 -95 -10 -23 -12 23 6 11 35 117 -127 -115 105 54 -31 -47 -58 50 100 100 58 48 -84 104 36 -121 -110 7 62 96 112 125 1 102 -26 -12 -3 -21 -2 31 -32 -2 -85 72 52 12 24 -7 61 -3 -35 -8 -83 -120 95 80 -114 -15 -40 -53 -47 71 -56 -47 45 -83 -60 -85 23
65 -55 -10 -64 -12 62 115 -1 -42 -20 -68 82 -56 -77 -1 -49 -109 -49 91 3 -90 -89 -45 109 -18 -92 -102 27 -25 -60 49 -87 -115 -88 103 0 101 90 -2 58 69 -71 13 -115 -20 -116 -37 125 89 -74 127 127 91 81 -20 -54 -12 5 -28 91 -55 -107 3 -43 -68 -22 -44 32 67 81 -37 8 9 -25 20 -12 113 110 -15 -54 35 111 -55 -1 -63 -76 -56 52 57 43 15 1 63 17 85 -5 122 40 -101 61
120 116 -59 1 -37 -40 117 75 69 101 -106 104 85 93 -25 -106 -110 -82 -55 -54 88 88 74 -105 104 -97 17 99 70 -84 -96 -66 -96 100 62 122 -68 -77 69 -126 -103 90 105 -19 56 79 -126 -55 -4 -54 18 -44 33 91 -22 10 121 -5 108 -65 38 -116 -4 -59 111 -70 -65 43 108 4 -84 -123 93 20 112 -107 98 -15 -35 -34 -70 -18 -79 -37 -55 -102 100 -62 20 -48 0 57 90 -5 126 74 53 60 116 33
-64 -96 -91 -98 51 20 -78 21 -123 -113 -14 61 -4 34 -104 -59 59 -5 6 -48 74 6 -119 37 -127 6 110 -75 -61 98 -43 2 1 120 -97 51 12 80 -56 -112 94 57 77 89 90 100 -98 21 95 -92 100 41 -87 -19 77 40 -14 -69 93 52 28 49 54 -99 42 -44 79 53 -92 22 69 1 78 18 -37 40 117 119 -66 84 -101 33 125 66 13 -54 -21 127 5 71 51 -95 -8 104 -66 33 -67 12 -41 95
34 -100 -31 -16 -83 59 24 33 -78 -43 -10 -51 117 114 -113 -125 -68 120 -126 64 63 -76 97 55 28 30 -40 88 41 46 55 -53 -55 23 59 116 81 -45 22 -124 39 -116 79 -100 125 93 -98 56 -42 30 -7 -107 82 89 75 -18 -9 35 69 31 80 123 106 25 19 37 13 -28 -9 -93 -25 29 -82 -74 -72 42 19 85 -29 104 -13 -37 -4 68 51 71 -78 -86 105 -10 72 57 -14 -78 -46 4 86 95 103 76
-126 78 104 47 3 -95 88 -106 117 58 -3 103 -107 -7 44 -57 -64 -35 111 -87 83 -72 -31 68 -23 -77 -56 63 -110 46 11 18 -4 115 64 127 -108 25 20 8 -45 17 -17 103 -118 -101 -82 72 -8 -98 -16 74 -43 80 14 61 -125 85 -4 19 3 7 37 -1 -6 -27 -2 -115 125 17 20 80 -94 2 -73 42 29 -28 -14 20 -127 -31 -34 84 -78 -21 -110 51 63 -115 70 65 -109 -21 -64 12 -49 -67 -104 -51
78 43 28 -17 -82 82 -102 -54 53 -117 -35 -74 -20 58 -118 -99 36 26 -49 -29 39 20 -92 57 126 -28 69 77 -96 92 -102 109 -120 53 92 52 -121 -11 125 59 126 89 112 105 -109 -6 -122 54 -108 84 -103 -70 -24 59 115 102 -97 -72 51 -65 -108 -52 43 -101 0 -121 78 6 -5 -53 -63 -6 -92 49 -29 53 -85 104 -21 61 60 -125 119 35 62 -22 9 92 33 59 26 52 -121 69 -49 6 75 28 11 -57
-25 76 -64 -118 124 34 63 38 -118 -86 -29 69 44 89 104 -22 -61 112 69 99 44 -32 -104 -78 -91 -26 56 -17 -126 -61 53 103 14 116 113 -118 -105 48 47 -96 -39 18 -27 -123 -21 76 -18 46 60 -76 17 -24 -109 40 26 54 13 81 -91 -113 19 90 117 33 -50 -26 -86 99 -106 89 3 110 -21 -25 114 -43 -77 96 -125 110 -108 -108 86 37 -69 111 -37 72 -64 -1 -42 -46 88 74 114 38 -79 -99 -119 -58
-11 11 51 -33 -15 38 51 35 -122 -74 -110 24 -55 -25 -67 -125 -42 -105 -54 -107 21 31 -26 109 -22 88 -109 -102 -12 -101 94 104 38 18 70 -105 -72 120 -70 -67 -82 -53 84 117 -79 16 120 6 38 -62 26 58 -31 127 39 -54 -41 -71 -29 74 -44 -63 -78 -7 82 119 -113 9 112 -56 -59 29 -110 24 -109 -62 39 10 -57 -51 -53 -32 -120 43 -32 -82 116 54 -25 86 -127 -70 -104 -78 50 -23 -86 64 -14 25
8 -74 53 25 78 71 -37 -11 -47 33 -62 28 -126 72 70 96 117 -69 -106 91 -111 21 -107 39 71 70 16 112 -121 -126 -119 14 -73 61 38 4 -123 0 -7 -43 33 58 -16 -94 2 54 -126 118 112 22 82 0 -84 -26 -88 114 -83 55 -30 50 -72 105 -64 109 38 -27 -14 -86 101 -22 126 6 -92 -18 39 -91 -92 -88 26 19 -67 -20 -108 103 82 -69 89 -2 -15 58 -80 -88 35 110 -107 73 82 -122 114 55
-17 112 60 -110 94 98 -74 1 9 80 -107 70 59 39 45 -115 97 -121 10 81 64 -71 120 99 38 -115 -84 -7 -109 -98 47 -127 14 -20 -109 107 -50 -56 -20 87 23 127 -99 82 38 73 94 -121 79 104 -41 -112 32 -49 -14 -57 91 29 63 -19 -70 -18 -19 -57 -39 -1 -78 -89 -57 -98 -3 -35 28 25 -81 66 97 -114 72 -79 -11 -96 63 -107 109 -79 90 72 -51 -103 52 6 -121 -94 -51 -33 32 125 -123 -26
-101 1 67 -73 25 113 120 -5 -2 -64 -85 114 -33 105 7 76 25 96 -108 101 121 72 106 127 -23 -73 93 -119 -75 98 110 78 98 49 -123 123 34 -4 117 32 60 -96 -110 26 8 -104 -26 -95 120 121 -122 113 65 111 -16 -86 -89 76 49 90 46 31 40 -111 79 -83 -116 -14 40 0 17 99 31 34 -2 -89 58 -29 -57 50 -36 75 -93 28 58 -110 69 -32 93 118 -70 -116 21 -30 -100 -27 -114 38 -42 -75
-90 -26 -103 -60 -120 -106 -22 -63 -8 -80 114 -44 122 20 111 52 37 -75 20 3 -85 77 14 -65 46 -87 -93 59 -50 119 -16 -13 -35 8 54 -27 -99 31 37 20 -50 -104 -25 -56 -85 -41 -5 80 -117 -113 82 -75 -36 95 114 9 -120 -106 68 84 12 -76 70 105 -69 123 77 -41 26 113 -22 -25 -119 81 46 -76 39 40 3 49 -73 -43 -27 -110 51 86 26 -70 107 93 -114 119 16 83 96 74 78 -83 32 103
-98 -117 -50 38 -37 -5 -39 -126 -93 91 -78 88 47 -106 105 -30 107 -124 27 87 96 -88 -50 112 122 -82 58 -56 -38 -37 -81 118 100 -4 28 -65 118 116 63 24 79 112 -15 125 -122 -38 94 112 92 120 -57 -67 -96 20 -83 -102 -63 -26 -31 -102 -64 -113 -111 -92 10 44 -30 127 -95 32 -104 -17 16 8 -19 -107 -31 -53 5 61 -60 75 121 -29 95 37 124 31 -117 92 57 -53 107 -55 -18 116 -12 -48 -12 20
111 11 -124 127 18 111 -108 114 -70 24 -81 124 99 -88 95 66 76 -37 96 87 -73 25 33 33 -31 14 -106 85 93 -119 -23 -51 -109 -20 -52 36 -37 94 -106 -107 118 -59 16 89 -20 -17 -101 56 73 122 -113 0 -108 47 32 -12 -67 -75 -55 26 -67 -78 -26 78 -99 -79 -14 119 -113 8 -116 4 -52 -101 -35 -73 10 118 -18 82 -15 -4 81 4 42 -14 -9 -25 -90 -64 -127 98 -15 101 48 13 -106 -93 4 35
-86 -113 -88 116 41 -124 -85 -77 122 25 4 -21 20 -42 -18 -65 -57 100 37 -20 35 -91 -50 -108 -118 126 -95 30 32 -92 -63 73 50 -24 -67 -37 -20 -25 -115 101 -1 16 -48 -108 101 -67 -46 -84 32 -10 24 -60 26 -27 86 -93 -29 118 64 2 26 -127 -53 -52 104 -121 38 -44 -18 50 -71 108 -62 -120 -1 39 67 -48 82 -29 69 105 -90 94 -49 124 -127 -79 -14 64 51 -116 -63 -3 -41 -87 4 -4 123 -15
-82 51 92 111 58 -36 22 124 -85 103 94 112 -47 -123 78 -97 0 79 78 113 -113 1 -3 -49 -2 -45 118 1 79 113 113 -4 36 -51 -21 93 -88 0 89 -45 103 56 -61 -72 60 16 85 59 94 35 -84 -19 -91 40 59 -94 123 50 34 -54 -93 -109 69 71 94 48 36 -121 47 -2 -39 22 -74 -101 -51 -15 -86 -94 43 -119 69 86 -11 -23 126 47 -118 121 96 43 66 -124 -67 7 74 -101 54 109 32 -26
-21 -8 -5 -96 18 72 -112 -68 -23 58 67 45 17 -72 -106 15 -26 30 -120 70 -55 -55 73 -123 79 -109 31 -122 127 -65 -21 106 55 -27 -118 72 44 25 3 -106 -45 -58 66 -29 124 -40 -15 -29 117 119 -87 62 -64 -15 -62 15 -125 -32 20 1 31 -2 -21 85 98 116 -99 15 13 32 -92 -33 -27 -27 66 -30 60 -77 68 -78 -85 -20 -17 105 -36 -80 -8 93 16 -116 -34 -81 -119 -55 3 107 60 -97 121 72
-66 -99 -89 35 1 104 -123 61 27 -56 110 69 -77 92 -82 14 -116 38 106 27 -79 71 -55 -70 -112 -53 36 -53 -22 29 -109 -89 57 -70 -55 57 33 -51 -10 -68 -108 99 0 -58 63 46 -45 75 -44 -67 101 4 -123 -81 -67 19 -7 96 94 -30 124 -16 -119 -75 41 -47 110 -53 30 -28 -122 -79 -56 6 -9 -121 -76 73 -47 -121 6 -73 -118 10 100 -57 28 92 38 121 62 35 -22 70 87 18 -105 -59 -36 -76
41 -30 -27 -16 103 -37 117 26 -92 -57 32 41 124 41 50 -32 111 -49 -68 -106 -56 -7 -72 -79 -65 14 67 85 83 -97 8 -4 127 -20 107 -26 70 96 127 -22 38 31 18 -94 -55 -59 1 55 -109 -67 -52 89 53 3 -117 -12 -110 77 -55 100 -21 -48 95 106 60 -54 -48 -126 41 -48 -21 79 -18 125 112 54 65 113 109 83 -82 -71 -84 98 -68 -74 85 -51 2 29 48 109 109 15 87 41 -40 38 -86 -127
117 21 79 -28 -110 -64 25 -46 -79 -122 36 -34 62 79 63 121 -122 21 69 -121 49 -11 115 30 3 -54 70 90 -16 112 90 -27 -123 -86 -56 -106 -23 -31 -25 25 -26 -117 -10 35 -39 52 28 -34 72 -31 -27 -6 85 87 -104 -40 33 94 49 16 -50 12 116 -46 -75 60 102 29 -99 -51 53 -126 86 42 37 46 -34 -63 -115 -89 -94 112 -96 -10 -57 -73 -50 -25 20 126 118 -31 10 -21 50 -66 -89 24 90 66
-28 -113 67 57 56 103 -24 22 40 115 -68 73 -29 -37 -65 -87 -111 12 -112 37 11 -122 -122 20 111 -72 82 21 -49 -84 86 51 58 -102 107 -14 -127 -45 7 40 69 66 112 -88 -99 47 -47 -82 -69 -32 -46 -59 100 86 -39 -44 13 42 104 92 -43 63 -113 -113 -40 121 -127 -40 76 7 0 17 -54 -16 -71 101 -97 9 -109 89 -24 99 29 75 58 117 -97 70 -97 7 34 -12 -58 48 2 29 -86 2 -12 -11
-118 115 -122 82 -28 -66 55 -126 -58 -54 90 -83 -83 119 120 -26 108 -105 -83 11 29 -50 126 -30 -2 0 -2 39 2 -14 -100 -117 -27 32 92 -56 -34 19 73 35 92 -93 -48 9 -102 -56 110 6 93 26 -111 122 104 -113 91 -26 -114 89 12 15 -53 39 25 -81 70 116 118 -92 8 63 -57 99 97 22 107 -5 -35 90 -127 -70 115 -111 51 -37 30 15 64 43 -24 75 58 -78 113 82 -32 56 71 85 91 78
20 33 -79 117 54 -99 -16 -109 118 111 76 -23 127 -1 68 -99 13 -124 71 116 79 -127 37 64 83 -122 -8 -102 90 83 103 110 115 -104 -29 42 -76 -46 60 41 -63 8 18 63 7 -42 91 -108 -39 -94 8 -88 34 -83 -24 -11 49 -33 -114 12 -78 116 121 -90 11 -36 -49 -65 -83 -117 103 108 -109 -7 43 -103 -50 -122 -84 -89 38 51 77 -56 96 -75 -68 17 20 -55 28 -59 60 -107 105 71 111 -72 -122 -100
66 -20 -120 84 -27 -78 108 -78 54 23 -40 -35 -53 -90 -92 42 -38 -32 58 -19 -88 86 50 -28 106 27 42 -38 83 -81 -11 21 26 124 104 -2 45 -44 48 -28 106 -120 64 52 44 99 93 -121 66 24 -13 -22 109 36 -51 87 -64 118 -79 18 -91 -90 -89 -66 33 14 60 -50 97 107 49 -53 -14 112 127 -97 -44 92 36 -106 115 22 126 96 -69 -53 -72 -6 -63 103 11 -27 -115 49 35 -83 62 94 -5 -97
73 43 -23 58 -100 103 88 -17 -60 123 -124 -73 18 -125 23 76 -51 78 69 -114 53 -48 -14 -62 0 20 109 61 -14 -24 91 58 19 67 -11 46 43 76 -99 110 72 31 36 -38 33 -69 37 -18 8 105 -5 -66 56 -20 126 55 -127 107 -12 113 83 -49 -84 101 -110 32 19 -68 -20 -81 -86 51 77 -50 -115 110 8 -79 -36 -111 -102 86 77 81 65 -53 8 -63 53 123 -77 8 73 93 -19 -37 -3 -1 22 -24
45 -64 27 122 13 39 104 20 -40 -60 -92 -15 25 -16 66 -38 58 -54 27 -16 69 -51 -9 -114 -86 -28 103 -90 98 -2 -115 -112 -67 39 9 73 78 -15 92 -90 -76 -127 -106 -52 -16 87 -91 -85 33 -65 -102 101 11 16 114 -76 115 -38 88 -42 87 -27 -27 19 11 109 91 -39 93 55 125 16 55 -108 91 -88 -22 127 81 -117 -65 106 111 -55 121 -30 124 -19 59 84 66 -110 56 -89 -92 -60 19 126 -100 111
53 -102 -1 -19 44 -38 -108 21 88 100 32 22 -50 -113 95 -57 111 -37 51 -86 46 -11 58 -25 -101 93 42 -83 -37 -59 -100 -111 93 26 -3 9 -13 -112 30 75 115 61 -31 -63 75 63 -121 -69 -102 58 99 72 46 -98 -81 73 -6 -40 -11 85 28 17 101 -6 42 97 2 29 112 -96 -24 -29 92 72 35 -88 -120 -87 97 -95 98 -60 -24 17 -31 -106 89 91 -19 -50 48 9 -34 -107 2 8 117 3 -91 -27
-93 -116 71 126 -45 105 37 -38 -110 -122 -5 -12 -54 -30 4 42 -8 92 -123 -28 -86 -76 -20 -120 -56 109 -113 60 112 -77 32 -109 -66 102 16 16 -49 -74 -22 96 58 100 -44 -124 -58 87 -82 -67 -77 49 33 91 101 -115 98 44 -6 112 104 -22 34 8 -4 -33 110 -116 -17 -67 64 88 -99 122 -68 -16 125 1 70 42 -66 -8 -36 94 -44 -63 -22 -74 -20 -29 38 -44 76 71 -36 71 -89 -54 -45 21 6 18
-19 -93 12 40 -110 -118 40 -40 51 101 79 14 -61 -93 -50 -83 88 58 -113 -2 13 91 -59 104 -94 106 49 115 -1 -72 6 -21 89 17 18 106 26 -69 -62 77 31 -110 -37 -30 -76 41 -114 11 98 -100 8 -17 -10 -51 -40 24 -73 8 -117 -74 63 16 32 -104 33 -77 -125 58 108 -60 7 -117 84 -30 -20 8 10 120 -109 -20 -107 27 90 -118 103 49 33 29 -70 -84 82 -8 59 -13 16 91 -91 18 22 16
-43 28 26 41 125 6 -79 7 -2 -61 114 -110 -35 -51 -100 67 -3 -68 -31 -74 -25 -77 46 34 -91 61 -3 72 78 18 -40 -93 -81 114 75 43 119 -5 -77 116 -66 36 -121 26 -16 33 -34 109 92 -66 -93 67 -16 -48 100 21 -115 96 -35 90 -13 -75 -3 -95 -89 71 75 29 -61 -3 17 0 33 23 25 -111 55 -10 -3 20 51 -96 86 -92 110 58 -72 123 26 -108 -43 -115 -56 -47 44 109 24 -8 10 -38
116 -100 -39 -107 -78 113 -90 105 103 -94 124 26 -63 82 -67 47 -116 115 42 37 -120 -2 -78 78 -49 -35 60 102 84 69 63 -55 -32 -104 -35 18 8 -126 122 -17 -92 118 9 99 -56 69 18 82 -71 59 -9 -64 57 -88 13 -120 5 -55 -19 88 14 43 -95 109 66 125 -1 73 126 120 -71 33 110 65 5 53 -122 22 7 -66 -46 -2 124 -117 -91 10 17 -87 -46 -3 -126 95 -88 33 -51 -23 -98 -53 -78 -99
-60 105 -67 49 -86 65 -25 -80 87 -19 108 -87 -22 -23 50 15 -14 66 55 -61 62 -72 34 101 -39 110 77 -10 -71 126 -110 -4 104 -49 -82 17 15 -108 64 -26 0 -83 -114 106 -107 -65 120 -122 -127 -81 -56 62 -25 105 -93 63 -41 -17 52 -112 109 70 11 -43 -107 -72 101 -93 -53 -90 9 -53 81 -106 52 101 -43 -84 106 84 -38 49 -109 -64 -101 52 -2 -15 -92 -77 0 -111 120 11 -27 12 -62 -54 46 -115
110 54 -41 63 76 10 36 32 -75 -114 -12 14 63 6 78 -39 -69 75 -55 -34 125 73 109 117 83 81 -127 -107 26 -81 -95 9 100 118 -56 -80 127 -20 79 -76 -7 67 -62 55 -55 15 -112 -125 -38 88 95 -40 33 76 76 115 29 77 -120 55 -5 40 -64 -33 -98 -121 -113 -98 -14 93 80 -21 32 -110 33 -23 32 -79 -21 -6 -119 -53 81 -87 22 -99 -100 51 -23 34 -22 99 73 -87 66 103 -81 80 4 -95
-83 -44 -117 77 101 43 53 -123 -37 -96 -2 -29 105 78 11 0 107 -90 -77 83 -56 -100 55 -111 -60 -7 -9 113 -55 -6 -110 -11 -50 -100 65 -77 -57 -10 54 33 -106 -75 -123 -2 2 -113 125 108 52 47 64 -5 74 -9 -117 -114 -17 2 127 55 -5 -111 43 72 44 108 122 114 97 -79 -109 -10 -27 22 116 -26 -91 113 -45 88 33 -109 -45 -21 -119 92 120 -9 -34 119 45 89 7 87 -95 50 67 -100 36 -91
-52 -73 26 -80 76 14 -107 112 127 -25 -56 32 120 -102 10 -127 118 2 118 83 120 35 -84 0 122 -51 -78 61 103 -42 -31 50 -116 123 -31 87 -119 -11 -56 -120 -36 15 -89 -44 41 -79 84 -97 50 74 113 -85 109 -98 -86 103 -22 -37 -92 -47 -80 5 2 -69 0 98 18 -120 -41 89 -112 50 103 -74 6 -112 -26 -38 -82 24 -92 -96 66 -111 -67 -21 -9 -90 69 27 117 -11 -96 -9 -81 -97 -39 64 -90 -81
-103 52 97 -127 106 -25 -112 79 64 61 102 -29 92 -88 115 24 18 -22 61 87 -123 -78 75 35 40 121 65 -127 -70 -25 46 -46 -101 15 81 4 -11 -31 83 52 -98 57 -104 121 97 10 -111 114 115 77 73 -8 126 20 -101 -90 -114 92 37 -57 66 -45 -104 92 -30 -23 96 86 73 51 -117 102 -20 -94 -33 76 -85 -17 63 -98 59 -120 21 -71 -100 48 -34 -87 -116 2 110 -51 84 -122 -87 -74 -18 -119 12 54
-69 22 28 39 -73 -6 114 -31 -24 49 125 34 -71 19 90 -44 66 55 123 -51 56 105 25 13 110 65 -62 92 -54 -51 18 -124 98 46 42 24 -88 29 120 -112 77 118 49 5 -119 -116 88 74 -62 83 -105 122 60 47 -121 -85 111 71 6 56 -107 -104 60 -10 69 101 14 -19 -126 -122 123 -49 -5 -84 83 3 -73 -84 76 120 -2 -30 -14 58 16 119 100 127 62 -22 -73 -46 -127 114 -56 70 -40 85 50 88
90 45 -89 85 88 -6 -40 15 37 36 -121 -93 -122 -8 92 22 110 -64 -107 44 -87 -53 -2 -86 61 -59 -17 -107 -102 32 -20 -13 76 19 -56 -92 12 -96 50 -79 -61 -72 82 -56 47 -81 -35 29 -18 -15 73 -105 -68 70 63 120 -117 45 12 35 -51 119 -106 -103 10 93 -68 -106 -4 -18 69 62 37 24 5 84 -58 -30 112 -77 -46 -71 -55 13 126 7 5 -119 -76 -111 -85 0 -119 -63 -104 -110 29 -44 39 -103
-63 107 -42 101 -125 -38 57 -56 59 -86 -5 -114 -30 -61 26 -31 74 31 104 125 -81 -108 125 -73 83 -107 72 111 103 110 7 -88 89 92 -114 92 -74 -58 -92 -15 110 -98 -2 -47 -31 23 -79 -85 53 -103 39 100 43 36 26 125 57 -30 108 -96 -48 114 -56 41 -50 84 5 4 25 -88 -12 8 -58 113 88 38 -120 -119 -48 61 32 118 -95 75 27 58 -56 83 28 -75 114 -21 38 57 -108 116 13 -104 119 38
-64 -21 -82 5 91 5 -85 98 13 -6 -97 44 111 -65 118 10 -7 -65 92 20 114 -49 126 24 -120 18 12 -107 41 3 -70 -24 109 -25 108 72 107 22 -85 119 -112 72 -93 127 7 -102 -119 127 -40 -27 -109 -54 51 -111 97 -70 -94 109 77 -53 -16 -121 50 93 108 31 -91 -41 -75 -49 77 68 23 112 -61 -98 -118 74 28 96 -81 46 41 -31 -66 10 -101 -32 118 103 -86 -25 -18 91 67 89 121 103 -79 46
54 125 113 -51 -19 -76 -22 117 125 5 85 44 -77 125 -115 -16 -120 -89 -49 125 14 -8 -28 -5 83 38 -44 -52 14 -124 121 -60 1 106 -112 109 29 120 -29 -101 -3 -72 70 -81 -74 -46 30 60 -7 -19 57 6 -28 29 0 54 -61 83 -125 80 -41 -5 19 87 101 -94 -60 2 -102 38 -100 -106 -34 97 -60 -109 -76 -30 78 -84 -50 7 -79 49 -92 48 103 -25 -125 -23 54 -39 99 73 47 -56 106 115 74 4
-103 101 25 -10 -57 -35 8 121 62 85 36 -116 -35 84 -68 127 -124 34 -26 -122 -117 28 94 110 -27 13 -74 78 127 -1 -46 -103 100 -21 -114 42 71 22 35 5 -21 -57 -112 -57 26 74 -57 29 -19 -84 -94 -9 -57 127 100 -85 -115 26 121 -116 -103 74 35 -4 -75 49 -90 123 -57 -56 127 -79 -114 14 119 39 -39 61 67 -59 104 101 -69 -80 -28 -96 89 -16 57 82 123 -47 29 30 -51 81 -49 -14 -51 -107
-70 -52 69 -57 -38 60 -18 -78 -7 -79 -10 96 21 48 15 -7 -49 -23 104 7 58 -29 88 -41 -126 36 40 -48 -106 116 100 78 63 41 -106 24 100 3 73 92 -77 -65 -68 72 -17 75 64 61 51 40 -59 -19 -116 28 68 12 63 107 -37 -44 -33 -65 -93 29 -25 -72 -74 74 -70 126 38 -20 61 98 51 -84 -83 -13 -24 95 27 -84 -52 -90 -57 15 49 -122 -6 -116 -38 -40 74 -4 117 48 -77 -85 -5 -20
40 -95 -41 -27 2 -117 -112 46 124 -8 -115 23 35 -39 60 -22 -25 108 -17 97 120 -56 -71 -62 -61 45 113 -11 87 -20 96 0 -115 -72 -28 -114 65 -12 -68 61 107 -56 -43 -114 -96 16 118 7 -3 -26 -24 116 -83 -96 -74 -16 77 -89 100 -92 -109 -59 -93 -97 123 7 43 60 122 102 120 -27 -81 76 113 -50 -35 104 84 -39 77 59 -51 121 -37 -126 104 39 39 77 74 57 17 -19 -41 12 115 -125 71 -19
104 -65 81 22 -116 -62 100 103 -86 -72 -64 -10 -13 -116 111 77 -115 87 115 51 36 61 108 -75 41 66 -64 28 68 6 -119 -83 69 -39 -62 80 -101 37 55 -60 93 -10 -70 -48 1 -87 28 13 127 15 63 -92 75 43 87 -11 -18 23 16 49 -99 -103 -35 97 112 -97 49 -117 67 103 78 -96 -35 -120 110 93 47 10 105 -82 24 41 -47 99 83 40 -40 64 -65 -25 113 -37 -1 77 60 -16 107 -19 -6 -81
84 -56 -50 -79 78 -67 14 -3 -58 -9 43 94 31 -5 65 114 -93 24 50 96 -2 -93 59 125 -16 -9 108 90 99 101 -119 55 -82 -41 -24 -5 19 117 120 -40 -20 35 -74 11 29 -10 -3 -64 13 46 -96 -116 -47 90 8 64 -47 115 26 52 88 35 106 -122 -7 -46 -127 11 -57 120 98 -77 -101 -103 61 55 -114 57 118 -101 102 22 37 -73 -16 -83 -10 -63 -96 -111 116 -9 -77 94 124 43 -79 124 -74 118
116 -104 -87 14 47 -27 -59 -67 29 59 -41 4 -47 123 -70 -64 39 48 0 -58 64 -12 60 -14 -45 56 -99 -125 52 81 120 -88 -24 33 53 23 5 -6 83 34 -75 41 -90 -123 36 -33 -60 74 -113 68 -112 -50 55 -53 63 9 -124 -37 11 -73 -84 -124 -33 -108 -92 -108 42 -88 13 -3 73 -63 -90 110 -59 -55 77 9 -109 -37 76 33 41 -125 107 103 12 110 -61 22 -90 109 -103 4 -127 59 -105 42 99 36
-89 44 100 75 -101 -86 -108 -25 -78 -90 65 -3 70 105 -1 50 81 10 -96 -108 -95 68 -127 -71 -56 -126 116 94 -85 -41 2 -46 2 101 -99 28 14 -79 2 63 85 -60 59 -100 -83 58 -51 125 -60 -20 16 -28 -79 -111 -99 119 17 16 -43 59 102 86 12 -24 60 41 4 73 -39 -122 -119 45 72 67 -56 -11 -3 20 113 65 0 2 36 -80 -110 -64 38 34 79 123 -35 -75 81 105 29 -115 -110 32 86 105
-91 94 -106 109 -95 -34 -30 -98 113 -45 -34 -15 -44 -126 32 -27 -62 -57 -121 16 -62 99 69 18 -52 97 -97 -35 1 -12 69 37 81 90 18 -15 -72 -13 14 -86 -58 107 -102 25 -19 -70 126 -82 127 4 61 64 -25 2 -46 50 98 111 14 -29 98 -45 8 -77 -82 -102 36 -27 -115 -78 -114 -46 29 39 106 -118 96 -24 -73 95 108 115 31 -45 117 -16 5 87 95 -109 58 65 -26 -62 116 19 90 -104 -9 102
-55 -123 55 -27 43 34 -18 -117 9 -92 105 -11 23 -120 -56 12 118 76 98 85 94 -100 -105 -60 -35 10 -42 -72 33 -51 29 -23 -47 -43 78 -5 -10 59 5 -2 95 109 115 -10 -12 58 1 105 6 98 63 -28 126 -43 -88 90 -34 124 17 126 -55 -81 102 -103 -125 -76 19 119 111 23 -11 78 -124 103 67 118 33 67 96 38 37 -97 10 -93 -13 49 125 80 45 14 -50 -10 -68 -76 14 -66 -24 33 52 86
-72 41 -92 59 16 102 49 49 -87 17 -41 77 47 96 112 33 -111 -19 112 -66 122 -66 51 -73 113 -63 115 88 97 40 46 25 -47 81 -44 -32 -73 4 -111 -33 -106 -24 43 -60 71 -101 -27 88 7 -43 -106 2 -109 72 -72 -124 8 -85 91 105 -46 -119 2 34 89 -43 -125 15 88 18 109 -19 121 24 49 65 -77 21 -103 57 105 -82 58 123 -11 113 -2 124 28 88 101 109 96 102 -112 -71 -69 -110 71 -108
-93 52 127 -99 76 48 -35 126 -59 116 -73 46 -94 113 -87 -106 -30 39 -110 125 -1 -9 107 95 92 122 -104 -104 11 95 42 45 -109 41 -55 -34 89 -91 91 29 -103 -109 74 57 3 115 78 100 -102 -32 98 -104 86 77 118 -78 -57 14 -55 -47 -19 -14 125 126 27 70 -35 115 106 -72 16 3 73 -37 59 -52 77 10 -79 102 105 -109 -3 -65 -33 115 -16 -91 1 -71 -11 109 -86 113 107 68 55 71 -73 -94
127 71 36 -56 33 -33 20 109 -24 68 -45 80 -42 79 -113 -76 66 126 -40 -61 54 -52 47 95 -67 -101 -92 -12 97 -38 21 -32 32 56 40 64 -105 59 45 126 -1 127 78 -44 -49 -35 -121 -111 -37 93 83 16 -87 2 110 100 28 17 -40 -2 107 108 -35 -117 36 -123 -53 -69 63 119 -71 61 -9 -121 16 69 98 22 -43 60 -13 -88 -52 -101 42 -69 127 -58 75 -41 -61 -74 67 -96 64 -25 35 -117 -95 98
1 88 31 119 -33 47 -68 -63 -59 17 125 -72 56 -55 -46 -30 -125 80 -88 78 39 105 3 -22 -119 -61 -48 44 76 -15 14 -50 72 44 -59 -89 -37 1 -24 -96 17 -27 86 -55 -83 39 -85 -80 -8 81 -3 -97 -70 127 -120 66 66 -41 109 14 -57 -5 -37 -112 38 32 -74 1 32 -99 -96 -79 1 117 120 46 28 34 -35 19 -13 89 49 45 -40 -72 -17 25 15 -36 39 -43 -42 -126 99 -5 -95 -102 -5 64
-74 26 -16 -73 -113 104 -28 43 10 64 -66 -3 -103 -17 -86 111 38 -104 9 52 114 -80 -118 71 48 108 65 81 5 -67 -111 -69 86 1 112 -27 104 -44 -112 -14 19 76 110 -85 58 23 -102 -31 -82 -94 20 31 80 -99 -26 1 9 -88 -46 -114 99 -30 71 -71 -30 55 29 -54 10 44 -68 28 120 41 70 50 -63 96 18 -18 -126 -89 -114 -46 66 114 82 -53 25 35 -39 -4 4 31 53 102 86 -46 47 -32
-2 -22 124 -10 -108 -62 39 -44 -94 57 -63 35 -33 77 116 -95 64 -58 -20 88 104 -60 -43 -20 98 9 81 56 -38 -127 24 87 -22 -108 76 -3 -43 115 -48 118 44 -111 25 -117 93 -115 42 -99 -46 -106 -11 -70 88 73 -91 -69 81 118 -14 -85 -10 -118 -125 95 28 -50 92 113 -63 43 -25 108 59 127 -10 -103 11 32 52 92 -75 -87 21 -114 -15 -71 -56 -62 46 -71 -19 -92 -61 110 3 -34 -68 -33 78 -3
9 -75 104 -59 51 94 92 -66 -2 -112 25 -78 -71 45 -65 41 102 -122 -21 -108 -65 -41 -72 -127 -59 58 -34 127 24 44 123 -95 96 100 100 20 -62 64 81 -65 80 106 -16 8 23 -81 48 124 -76 -101 -111 113 -15 71 -15 -75 1 79 -75 -103 122 47 56 90 -109 29 109 -44 92 -65 -110 -84 -87 2 51 -65 48 -28 59 -29 125 75 -43 110 18 69 34 18 -108 -42 -86 13 -122 97 -24 -104 125 -43 107 90
19 124 -122 -69 125 -71 -6 -83 -100 -75 16 24 -1 -28 6 16 40 40 33 -68 125 74 72 2 -85 47 26 -87 -123 -123 -125 -105 -127 7 81 126 -65 -53 -85 -38 126 -70 114 124 -99 119 12 69 -97 -83 0 -99 -10 -56 30 32 -9 55 72 -5 59 -54 -111 -68 -47 97 57 15 43 -29 -23 -87 29 -37 -91 -71 81 -80 -3 -16 -36 124 -116 81 68 -87 113 -69 96 57 -75 -101 3 -59 -42 83 38 14 -30 80
113 74 121 -114 36 -98 -58 117 77 67 -27 -87 -65 -16 -6 -125 24 -21 -67 119 35 112 18 -90 53 -25 120 -37 117 90 -85 -26 36 35 -13 72 -63 -72 61 -114 -6 33 53 57 16 46 -69 -88 -103 119 31 -68 103 -79 96 28 23 89 118 12 -77 33 113 86 67 99 -98 -124 27 90 16 -107 122 -58 -51 10 115 8 50 12 -1 80 -57 -26 -127 -89 2 -105 127 -8 35 -78 24 -108 8 91 -9 37 94 -110
127 110 -90 121 -76 114 4 38 -6 53 -78 -8 -123 -8 93 -123 -97 94 -101 -98 -41 -67 79 -18 80 86 -55 -57 122 39 87 -7 21 -4 114 -56 -18 117 109 103 -86 31 -33 -82 22 60 -78 52 26 75 -46 -16 -119 32 -34 -40 117 -90 30 -17 -52 116 104 96 -16 -38 39 94 -49 -107 -59 -8 -77 36 37 -56 95 -42 -4 120 -95 -51 104 40 108 69 127 -31 106 -99 -49 -73 -111 54 22 1 -112 -66 94 93
81 -93 -43 -124 70 -7 -53 -91 -50 70 29 110 -109 -123 -106 -2 73 -106 -34 -77 49 45 -23 -62 -29 -1 -62 -13 -68 -96 -48 -115 -62 -91 -112 8 -99 89 44 -21 -96 72 88 -78 -52 109 -80 -107 2 13 71 -76 -70 -80 -11 -99 -82 54 -113 -23 85 93 116 22 -126 -124 -98 30 -35 74 8 -4 -110 -32 -83 -34 -51 -36 113 79 -23 56 2 -94 -24 -10 -66 21 43 -52 -2 127 41 -14 21 42 117 51 71 -46
124 -49 -51 -114 -82 -7 106 122 -43 92 -55 61 -108 74 94 -5 63 28 16 -22 -25 -114 -23 -112 126 -3 -70 115 -80 -127 68 -84 79 -111 57 124 -118 -93 -10 -34 -2 62 26 -110 8 119 12 -57 19 27 -80 -6 -88 24 9 -89 21 66 25 68 -61 -34 -16 17 109 40 -115 -10 -54 3 83 72 -63 108 89 -55 100 100 -113 118 127 -65 -16 -89 -42 -7 76 106 58 -26 47 -4 -61 30 -115 47 -58 25 -90 -113
-100 -8 86 91 100 -81 -92 -56 19 -77 -66 18 -15 -82 -72 70 38 -123 49 95 105 95 -36 43 -3 103 -38 -62 0 126 -48 27 118 38 118 90 -44 -102 -94 102 75 94 119 59 11 -80 -126 -79 -76 50 16 28 -111 107 -57 -115 82 -96 -50 82 30 -99 -19 20 -62 98 109 22 -4 14 123 -57 107 115 2 -9 -93 3 -89 85 52 54 -15 68 -95 -73 -48 115 -42 29 -59 -13 -71 49 6 122 -108 -13 16 15
0 11 -43 107 125 86 -30 31 -39 8 -12 -115 62 -28 -48 94 26 31 -47 -16 59 21 98 -12 70 104 -18 -39 90 125 103 -37 -120 -68 -58 -122 -109 -89 36 106 -82 24 -9 107 123 70 -54 -106 101 -102 -123 32 -81 -26 -108 -12 -50 -127 76 -87 -3 51 3 5 -18 -56 -118 127 -18 -83 106 -101 -60 96 6 63 38 79 84 -117 -24 88 43 22 -66 -66 -118 -116 62 85 -76 -69 -120 -74 63 117 -3 -56 116 -22