30 30 10
26 28
6 14
26 29
20 21
12 21
13 8
28 12
16 7
18 2
21 14
24 20
26 28
6 24
21 6
2 13
14 8
0 25
24 10
10 20
18 19
7 9
2 25
3 5
29 18
0 13
5 25
27 18
6 14
5 20
13 22
30 30 10
25 16
3 24
11 13
13 18
22 27
12 0
28 16
9 11
4 14
11 28
17 14
19 3
2 7
9 5
10 25
4 14
17 20
28 20
19 4
10 5
6 3
7 3
9 9
27 18
7 18
17 22
10 19
11 25
5 11
28 28
30 30 10
11 1
4 12
26 19
19 20
17 13
0 5
29 8
24 12
4 8
28 9
26 29
18 5
11 22
18 22
12 21
10 29
0 25
13 6
14 20
26 1
10 11
22 15
10 26
16 27
3 19
18 5
25 19
17 11
25 0
11 24
30 30 10
15 28
24 5
9 2
17 26
11 14
6 14
16 2
23 14
11 7
21 25
13 12
19 19
8 25
1 1
26 19
27 8
2 18
9 21
5 28
19 23
22 25
18 19
29 10
20 12
29 18
12 11
26 10
4 10
12 23
4 29
0 0 0
