350 20 30 75
375 20 30 75
400 20 30 75
425 20 30 75
450 20 30 75
400 20 30 50
400 20 30 80
400 20 30 85
100 20 40 80
110 20 40 80
120 20 40 80
130 20 40 80
140 20 40 80
150 20 40 80
151 20 40 80
152 20 40 80
153 20 40 80
154 20 40 80
155 20 40 80
156 20 40 80
157 20 40 80
158 20 40 80
159 20 40 80
160 20 40 80
170 20 40 80
180 20 40 80
190 20 40 80
153 47 80 103
153 47 79.5 103
153 47 79.35 103
153 47 79.3 103
153 47 79.1 103
153 47 79 103
400 20 30 67
400 20 30 68
400 20 30 69
400 20 30 70
400 20 30 71
400 20 30 72
180 0 10 100
100 20 1 80
100 10 1 120
130 8.112 1.0 90.5
121 10 2 100
92 8 3 100
100 5 4 80
80 6 5 73.4
75 6 5.5 75.8
100 9 10 80.3
103 8 10 79.9
104 7.5 10 79.8
105 7.0 10 79.5
106 6.5 10 79.4
107 6.2 10 79.3
108 6.0 10 79.1
111 5.0 10 78.3
115 4.5 10 78.9
121 4.0 10 77.4
130 3.0 10 77.0
140 1.0 10 75.435
100 10 100 70
100 20 100 80
100 30 100 90
100 40 100 100
100 50 100 110
100 60 100 120
100 70 100 130
100 80 100 140
100 90 100 150
180 0 10 100
100 20 1 80
100 10 1 120
130 8.112 1.0 90.5
121 10 2 100
92 8 3 100
100 5 4 80
80 6 5 73.4
0 0 0 0
